1340452930 11.9652
1340452931 11.9682
1340452933 11.9611
1340452934 11.9591
1340452935 12.8402
1340452936 11.7675
1340452937 11.9642
1340452938 11.7645
1340452939 11.8632
1340452940 11.9647
1340452941 11.8727
1340452942 11.9703
1340452943 11.9703
1340452945 11.9708
1340452946 11.8702
1340452947 11.9688
1340452948 11.8773
1340452949 12.748
1340452950 12.8565
1340452951 12.8652
1340452952 12.8636
1340452953 11.9911
1340452954 11.9926
1340452956 11.795
1340452957 11.7995
1340452958 11.7975
1340452959 11.9932
1340452960 11.7975
1340452961 11.9937
1340452962 11.7935
1340452963 11.7021
1340452964 11.9932
1340452965 11.9947
1340452966 11.9952
1340452968 11.7955
1340452969 11.9916
1340452970 11.795
1340452971 11.795
1340452972 11.7985
1340452973 11.7945
1340452974 11.9865
1340452975 12.8625
1340452976 11.983
1340452977 12.761
1340452978 11.8853
1340452980 11.8843
1340452981 11.8833
1340452982 11.7852
1340452983 11.8798
1340452984 11.9738
1340452985 11.8798
1340452986 11.8798
1340452987 11.7767
1340452988 11.7757
1340452989 11.8727
1340452991 11.7802
1340452992 11.8778
1340452993 11.8858
1340452994 11.8818
1340452995 11.8869
1340452996 12.8543
1340452997 11.8833
1340452998 11.9784
1340452999 11.7822
1340453000 11.8788
1340453001 11.7872
1340453003 11.7862
1340453004 11.7872
1340453005 11.7902
1340453006 12.9421
1340453007 11.8884
1340453008 11.7907
1340453009 11.8899
1340453010 11.7932
1340453011 12.9454
1340453012 11.7972
1340453013 12.762
1340453015 12.946
1340453016 12.7631
1340453017 12.7631
1340453018 11.7882
1340453019 12.9372
1340453020 11.7897
1340453021 11.8879
1340453022 12.9432
1340453023 11.7937
1340453024 11.8884
1340453026 12.9438
1340453027 12.946
1340453028 11.7962
1340453029 12.9471
1340453030 11.7997
1340453031 12.9498
1340453032 11.7987
1340453033 11.8042
1340453034 12.8469
1340453035 11.7957
1340453036 12.9454
1340453038 11.7952
1340453039 11.7992
1340453040 12.9471
1340453041 12.9482
1340453042 12.9449
1340453043 12.9432
1340453044 11.7942
1340453045 11.8002
1340453046 11.7992
1340453047 11.7992
1340453048 12.9657
1340453050 11.8152
1340453051 11.8232
1340453052 11.8212
1340453053 11.8202
1340453054 11.8172
1340453055 12.9608
1340453056 12.9586
1340453057 11.906
1340453058 12.7777
1340453059 11.8057
1340453061 12.9624
1340453062 11.8137
1340453063 11.8102
1340453064 11.8057
1340453065 11.8027
1340453066 11.7997
1340453067 11.8027
1340453068 11.8985
1340453069 11.8995
1340453070 11.8995
1340453071 11.8012
1340453073 12.9509
1340453074 11.8959
1340453075 12.7653
1340453076 11.8944
1340453077 11.7987
1340453078 11.7977
1340453079 11.7992
1340453080 11.8012
1340453081 11.8052
1340453082 12.8556
1340453084 11.8102
1340453085 11.8072
1340453086 12.9569
1340453087 11.904
1340453088 11.8047
1340453089 12.9553
1340453090 11.8052
1340453091 11.8052
1340453092 11.9025
1340453093 11.8047
1340453094 12.9597
1340453096 11.8087
1340453097 11.8112
1340453098 11.8092
1340453099 11.8062
1340453100 11.8057
1340453101 11.8057
1340453102 11.8057
1340453103 11.8092
1340453104 11.8017
1340453105 11.8022
1340453107 11.8052
1340453108 11.7987
1340453109 11.7962
1340453110 11.7987
1340453111 11.8012
1340453112 11.8057
1340453113 11.8037
1340453114 11.8017
1340453115 12.9493
1340453116 11.7972
1340453118 11.8939
1340453119 11.7962
1340453120 11.7982
1340453121 11.7987
1340453122 12.9476
1340453123 12.9515
1340453124 12.7718
1340453125 11.8995
1340453126 12.8712
1340453127 11.902
1340453129 11.9035
1340453130 11.903
1340453131 11.8127
1340453132 11.8127
1340453133 11.8152
1340453134 11.8147
1340453135 11.8162
1340453136 11.8212
1340453137 11.7258
1340453138 12.9828
1340453139 11.8237
1340453141 11.8257
1340453142 11.8232
1340453143 11.8242
1340453144 11.9242
1340453145 11.8257
1340453146 11.8322
1340453147 11.8347
1340453148 11.8307
1340453149 12.8769
1340453150 11.8232
1340453152 11.8217
1340453153 11.7228
1340453154 11.8187
1340453155 11.8102
1340453156 11.8127
1340453157 11.8117
1340453158 11.8112
1340453159 11.9065
1340453160 11.905
1340453161 11.902
1340453163 11.9015
1340453164 11.8057
1340453165 11.8067
1340453166 11.8132
1340453167 11.7179
1340453168 11.8167
1340453169 11.8177
1340453170 11.9146
1340453171 11.8157
1340453172 11.8142
1340453174 12.9657
1340453175 12.7745
1340453176 11.8037
1340453177 12.9553
1340453178 11.8012
1340453179 11.8027
1340453180 12.9542
1340453181 12.7707
1340453182 11.8077
1340453183 11.8072
1340453185 11.8077
1340453186 11.8097
1340453187 11.8092
1340453188 11.8062
1340453189 11.8017
1340453190 12.9487
1340453191 11.8969
1340453192 11.8974
1340453193 11.8042
1340453194 12.9482
1340453196 11.8914
1340453197 11.8934
1340453198 11.8995
1340453199 11.9025
1340453200 11.899
1340453201 11.8995
1340453202 11.9005
1340453203 11.899
1340453204 11.8939
1340453205 11.8919
1340453207 11.8944
1340453208 11.9
1340453209 12.7696
1340453210 11.9
1340453211 11.901
1340453212 12.7729
1340453213 11.901
1340453214 11.9015
1340453215 12.9602
1340453216 11.8007
1340453218 12.7685
1340453219 11.8112
1340453220 11.8117
1340453221 11.8167
1340453222 11.8127
1340453223 11.8172
1340453224 11.8257
1340453225 11.8297
1340453226 11.8247
1340453227 11.8227
1340453228 11.8192
1340453230 11.8222
1340453231 12.974
1340453232 11.8207
1340453233 11.8262
1340453234 11.8222
1340453235 11.8182
1340453236 11.8112
1340453237 11.8127
1340453238 12.0001
1340453239 12.854
1340453241 11.8047
1340453242 11.8042
1340453243 11.8032
1340453244 11.8944
1340453245 11.7977
1340453246 11.7997
1340453247 12.9509
1340453248 11.7962
1340453249 11.7957
1340453250 11.8939
1340453252 11.8017
1340453253 11.8964
1340453254 12.9531
1340453255 11.8002
1340453256 11.7992
1340453257 11.7992
1340453258 11.8017