1340458780 21.7568
1340458781 21.6445
1340458782 21.7577
1340458783 21.7568
1340458785 21.7522
1340458786 21.6491
1340458787 21.7522
1340458788 21.7503
1340458789 21.857
1340458790 21.8561
1340458791 21.8654
1340458792 21.8617
1340458793 21.8775
1340458794 21.7874
1340458796 21.8031
1340458797 21.6961
1340458798 21.686
1340458799 21.6887
1340458800 21.6924
1340458801 21.6998
1340458802 21.6979
1340458803 21.5937
1340458804 21.5918
1340458805 21.9307
1340458806 21.5845
1340458808 21.6998
1340458809 21.6979
1340458810 21.5882
1340458811 21.5799
1340458812 21.6897
1340458813 21.6961
1340458814 21.6952
1340458815 21.5707
1340458816 21.5735
1340458817 21.6804
1340458818 21.6758
1340458820 21.6629
1340458821 21.662
1340458822 21.651
1340458823 21.7568
1340458824 21.8607
1340458825 21.7568
1340458826 21.7466
1340458827 21.7475
1340458828 21.7549
1340458829 21.7503
1340458831 21.7531
1340458832 21.7559
1340458833 21.7586
1340458834 21.6473
1340458835 21.7577
1340458836 21.7494
1340458837 21.754
1340458838 21.6482
1340458839 21.6473
1340458840 21.6546
1340458841 21.7596
1340458842 21.7605
1340458844 21.754
1340458845 21.7577
1340458846 21.754
1340458847 21.7586
1340458848 21.7559
1340458849 21.7614
1340458850 21.7651
1340458851 21.7614
1340458852 21.6464
1340458853 21.6464
1340458854 21.7688
1340458856 21.6528
1340458857 21.6491
1340458858 21.6473
1340458859 21.754
1340458860 21.6408
1340458861 21.8533
1340458862 21.8542
1340458863 21.7411
1340458864 21.7448
1340458865 21.6427
1340458866 21.7494
1340458868 21.6436
1340458869 21.6381
1340458870 21.6371
1340458871 21.7327
1340458872 21.7337
1340458873 21.7327
1340458874 21.6335
1340458875 21.742
1340458876 21.981
1340458877 21.6362
1340458878 21.7485
1340458880 21.7337
1340458881 21.7355
1340458882 21.7549
1340458883 21.7512
1340458884 21.6436
1340458885 21.6381
1340458886 21.7466
1340458887 21.7485
1340458888 21.7383
1340458889 21.843
1340458890 21.8505
1340458892 21.8496
1340458893 21.8551
1340458894 21.857
1340458895 21.973
1340458896 21.8579
1340458897 21.8551
1340458898 21.8449
1340458899 21.8514
1340458900 21.8514
1340458901 21.6261
1340458902 21.6261
1340458903 21.7318
1340458905 21.6169
1340458906 21.6316
1340458907 21.6399
1340458908 21.7475
1340458909 21.7577
1340458910 21.767
1340458911 21.7698
1340458912 21.7883
1340458913 21.7883
1340458914 21.7892
1340458915 21.7883
1340458917 21.7892
1340458918 21.7864
1340458919 21.7901
1340458920 21.792
1340458921 21.7966
1340458922 21.7911
1340458923 21.7966
1340458924 21.7975
1340458925 21.7855
1340458926 21.7772
1340458927 21.7809
1340458929 21.6574
1340458930 21.6519
1340458931 22.0016
1340458932 21.6583
1340458933 21.6519
1340458934 21.65
1340458935 21.7559
1340458936 21.7568
1340458937 21.7596
1340458938 21.7586
1340458939 21.7586
1340458941 21.7614
1340458942 21.7614
1340458943 21.7586
1340458944 21.8672
1340458945 21.7624
1340458946 21.7661
1340458947 21.7633
1340458948 21.7614
1340458949 21.6454
1340458950 21.6574
1340458951 21.662
1340458952 21.6583
1340458954 21.767
1340458955 21.6593
1340458956 21.6629
1340458957 21.6611
1340458958 21.6657
1340458959 21.6685
1340458960 21.6675
1340458961 21.7818
1340458962 21.7716
1340458963 21.7688
1340458964 21.767
1340458966 21.651
1340458967 21.6418
1340458968 21.6418
1340458969 21.639
1340458970 21.7503
1340458971 21.754
1340458972 21.7633
1340458973 21.7614
1340458974 21.7624
1340458975 21.7818
1340458976 21.7799
1340458978 21.7874
1340458979 21.7846
1340458980 21.7855
1340458981 21.7809
1340458982 21.6648
1340458983 21.7725
1340458984 21.884
1340458985 21.8905
1340458986 21.779
1340458987 21.7753
1340458988 21.8831
1340458990 21.8765
1340458991 21.8719
1340458992 21.8793
1340458993 21.8812
1340458994 21.779
1340458995 21.7827
1340458996 21.7911
1340458997 21.7957
1340458998 21.6933
1340458999 21.5937
1340459000 21.7044
1340459001 21.5863
1340459003 21.5817
1340459004 21.5799
1340459005 21.5836
1340459006 21.6878
1340459007 21.6897
1340459008 21.686
1340459009 21.7957
1340459010 21.686
1340459011 21.792
1340459012 21.7818
1340459013 21.7836
1340459015 21.779
1340459016 21.7744
1340459017 21.7864
1340459018 21.686
1340459019 21.9035
1340459020 21.7892
1340459021 21.9035
1340459022 21.792
1340459023 21.9082
1340459024 21.9045
1340459025 21.7957
1340459027 21.7948
1340459028 21.7948
1340459029 21.7938
1340459030 21.8049
1340459031 21.8022
1340459032 21.911
1340459033 21.8012
1340459034 21.804
1340459035 21.8086
1340459036 21.9194
1340459037 21.8003
1340459039 21.8012
1340459040 21.9082
1340459041 21.9091
1340459042 21.91
1340459043 21.9054
1340459044 21.7938
1340459045 21.9017
1340459046 21.7874
1340459047 21.8952
1340459048 21.8952
1340459049 21.8998
1340459051 21.9035
1340459052 21.9054
1340459053 21.7948
1340459054 21.7864
1340459055 21.7864
1340459056 21.6593
1340459057 21.8886
1340459058 21.7744
1340459059 21.6648
1340459060 21.7874
1340459061 21.6639
1340459063 21.7799
1340459064 21.7836
1340459065 21.7744
1340459066 21.8877
1340459067 21.7772
1340459068 21.7688
1340459069 21.7809
1340459070 21.7762
1340459071 21.779
1340459072 21.6731
1340459073 21.6703
1340459075 21.6629
1340459076 21.7883
1340459077 21.7901
1340459078 21.6786
1340459079 21.7938
1340459080 21.7938
1340459081 21.6952
1340459082 21.6933
1340459083 21.6933
1340459084 21.6869
