1340458147 19.9191
1340458148 21.5726
1340458149 21.9242
1340458150 21.5744
1340458151 21.9186
1340458152 21.9149
1340458153 21.9149
1340458154 21.9074
1340458156 21.5652
1340458157 21.5689
1340458158 21.9232
1340458159 21.5772
1340458160 21.4702
1340458161 21.9149
1340458162 21.5607
1340458163 21.5662
1340458164 21.5652
1340458165 21.5671
1340458166 21.5707
1340458168 21.5726
1340458169 21.568
1340458170 21.9121
1340458171 21.5753
1340458172 21.5735
1340458173 21.9223
1340458174 21.5891
1340458175 21.9353
1340458176 21.9465
1340458177 21.6037
1340458178 21.9502
1340458180 21.6001
1340458181 21.6028
1340458182 21.6083
1340458183 21.9577
1340458184 21.6111
1340458185 21.6092
1340458186 21.6083
1340458187 21.6056
1340458188 21.6175
1340458189 21.9512
1340458191 21.9521
1340458192 21.601
1340458193 21.6065
1340458194 21.6083
1340458195 21.7118
1340458196 21.6047
1340458197 21.5992
1340458198 21.9465
1340458199 21.9353
1340458200 21.8306
1340458201 21.9437
1340458203 21.9428
1340458204 21.9391
1340458205 21.94
1340458206 21.9447
1340458207 21.59
1340458208 21.8121
1340458209 21.9139
1340458210 21.7954
1340458211 21.7908
1340458212 21.7936
1340458213 21.7954
1340458215 21.8019
1340458216 21.9139
1340458217 21.6926
1340458218 21.8102
1340458219 21.7954
1340458220 21.5579
1340458221 21.5552
1340458222 21.9037
1340458223 21.5625
1340458224 21.5671
1340458225 21.568
1340458227 21.9074
1340458228 21.5561
1340458229 21.9083
1340458230 21.9093
1340458231 21.5625
1340458232 21.5579
1340458233 21.6703
1340458234 21.6639
1340458235 21.6611
1340458236 21.7716
1340458238 21.7735
1340458239 21.6758
1340458240 21.6795
1340458241 21.6777
1340458242 21.685
1340458243 21.5735
1340458244 21.6722
1340458245 21.5588
1340458246 21.557
1340458247 21.674
1340458248 21.5579
1340458250 21.5588
1340458251 21.8962
1340458252 21.5451
1340458253 21.8934
1340458254 21.5561
1340458255 21.6556
1340458256 21.6602
1340458257 21.6648
1340458258 21.6657
1340458259 21.6768
1340458260 21.5625
1340458262 21.6731
1340458263 21.5698
1340458264 21.557
1340458265 21.5497
1340458266 21.5542
1340458267 21.5579
1340458268 21.9083
1340458269 21.5607
1340458270 21.5561
1340458271 21.5552
1340458273 21.5561
1340458274 21.5533
1340458275 21.9074
1340458276 21.9167
1340458277 21.9298
1340458278 21.9363
1340458279 21.9484
1340458280 21.9437
1340458281 21.9409
1340458282 21.6001
1340458283 21.9447
1340458285 21.9447
1340458286 21.9465
1340458287 21.8306
1340458288 21.8325
1340458289 21.8352
1340458290 21.9484
1340458291 21.9484
1340458292 21.9558
1340458293 21.9586
1340458294 21.9624
1340458295 21.6221
1340458297 21.9661
1340458298 21.8566
1340458299 21.9707
1340458300 21.8584
1340458301 21.7387
1340458302 21.8464
1340458303 21.8538
1340458304 21.8473
1340458305 21.8445
1340458306 21.9614
1340458307 21.8371
1340458309 21.9484
1340458310 21.826
1340458311 21.9344
1340458312 21.9298
1340458313 21.9344
1340458314 21.826
1340458315 21.813
1340458316 21.8121
1340458317 21.8139
1340458318 21.7037
1340458320 21.7074
1340458321 21.7064
1340458322 21.6972
1340458323 21.8093
1340458324 21.6991
1340458325 21.8075
1340458326 21.8056
1340458327 21.8038
1340458328 21.568
1340458329 21.9121
1340458330 21.7973
1340458332 21.9102
1340458333 21.9121
1340458334 21.6899
1340458335 21.9186
1340458336 21.9195
1340458337 21.685
1340458338 21.5698
1340458339 21.9186
1340458340 21.5698
1340458341 21.5616
1340458342 21.6722
1340458344 21.557
1340458345 21.5524
1340458346 21.5533
1340458347 21.6546
1340458348 21.5524
1340458349 21.5524
1340458350 21.5533
1340458351 21.5625
1340458352 21.5597
1340458353 21.5634
1340458355 21.662
1340458356 21.5588
1340458357 21.6712
1340458358 21.6694
1340458359 21.6666
1340458360 21.5597
1340458361 21.6537
1340458362 21.662
1340458363 21.5552
1340458364 21.5524
1340458365 21.5607
1340458367 21.9065
1340458368 21.9037
1340458369 21.5662
1340458370 21.579
1340458371 21.579
1340458372 21.5863
1340458373 21.5927
1340458374 21.6047
1340458375 21.6056
1340458376 21.6037
1340458377 21.5918
1340458379 21.5909
1340458380 21.5882
1340458381 21.5808
1340458382 21.8204
1340458383 21.9298
1340458384 21.5918
1340458385 21.5891
1340458386 21.9465
1340458387 21.8325
1340458388 21.8288
1340458389 21.8325
1340458391 21.8399
1340458392 21.9502
1340458393 21.9428
1340458394 21.8223
1340458395 21.8232
1340458396 21.8288
1340458397 21.8306
1340458398 21.5955
1340458399 21.9363
1340458400 21.9381
1340458401 21.9326
1340458403 21.9251
1340458404 21.9298
1340458405 21.5643
1340458406 21.9149
1340458407 21.7936
1340458408 21.7926
1340458409 21.7871
1340458410 21.7861
1340458411 21.899
1340458412 21.9009
1340458414 21.7843
1340458415 21.7899
1340458416 21.9037
1340458417 21.899
1340458418 21.5579
1340458419 21.9102
1340458420 21.5597
1340458421 21.9065
1340458422 21.9028
1340458423 21.9
1340458424 21.8962
1340458426 21.5487
1340458427 21.9046
1340458428 21.5607
1340458429 21.5616
1340458430 21.5588
1340458431 21.9046
1340458432 21.557
1340458433 21.5607
1340458434 21.5662
1340458435 21.5643
1340458436 21.5515
1340458438 21.5506
1340458439 21.6685
1340458440 21.6694
1340458441 21.6722
1340458442 21.6722
1340458443 21.6777
1340458444 21.6768
1340458445 21.9167
1340458446 21.568
1340458447 21.5707
1340458448 21.6648
1340458449 21.6537
1340458451 21.9988
1340458452 21.5469
