1340456563 18.9089
1340456564 19.9622
1340456565 20.8099
1340456566 19.9639
1340456568 20.8081
1340456569 19.9614
1340456570 20.8064
1340456571 19.9571
1340456572 19.9546
1340456573 20.9229
1340456574 20.9211
1340456575 19.6385
1340456576 19.9597
1340456577 20.9246
1340456578 19.9563
1340456580 19.6377
1340456581 20.914
1340456582 20.922
1340456583 19.6377
1340456584 19.9521
1340456585 20.8073
1340456586 19.9571
1340456587 19.9529
1340456588 19.9529
1340456589 20.9184
1340456590 20.8073
1340456592 20.9175
1340456593 20.9166
1340456594 20.9211
1340456595 20.8037
1340456596 20.7976
1340456597 19.947
1340456598 20.9158
1340456599 20.7923
1340456600 20.9042
1340456601 20.9007
1340456602 19.9326
1340456604 20.9016
1340456605 20.7843
1340456606 20.8963
1340456607 19.6169
1340456608 20.8927
1340456609 20.8936
1340456610 20.9025
1340456611 19.6177
1340456612 20.9025
1340456613 20.8945
1340456614 19.6161
1340456615 20.7843
1340456617 19.9335
1340456618 20.7808
1340456619 19.925
1340456620 20.8892
1340456621 20.7702
1340456622 20.7746
1340456623 20.8936
1340456624 20.8954
1340456625 20.8945
1340456626 20.8971
1340456627 20.8971
1340456629 20.8963
1340456630 20.8936
1340456631 20.8936
1340456632 20.9007
1340456633 19.9453
1340456634 20.9096
1340456635 20.7896
1340456636 20.9033
1340456637 20.898
1340456638 20.589
1340456639 20.9025
1340456641 20.5925
1340456642 20.9033
1340456643 20.5925
1340456644 20.9122
1340456645 20.9096
1340456646 20.7967
1340456647 20.7984
1340456648 19.947
1340456649 20.9104
1340456650 19.9521
1340456651 20.8046
1340456653 19.9529
1340456654 20.802
1340456655 20.9202
1340456656 20.8029
1340456657 20.7976
1340456658 20.7984
1340456659 19.6369
1340456660 20.5969
1340456661 20.9166
1340456662 20.6047
1340456663 20.6021
1340456665 20.6047
1340456666 20.6012
1340456667 20.6056
1340456668 19.6385
1340456669 19.747
1340456670 20.6047
1340456671 20.6004
1340456672 19.7437
1340456673 19.747
1340456674 20.6039
1340456675 20.7074
1340456676 20.5951
1340456678 19.636
1340456679 19.6335
1340456680 20.8002
1340456681 20.9104
1340456682 19.9436
1340456683 20.9104
1340456684 20.7949
1340456685 20.7976
1340456686 19.9436
1340456687 19.9478
1340456688 19.947
1340456690 19.9453
1340456691 19.9453
1340456692 20.7976
1340456693 19.9504
1340456694 19.9495
1340456695 20.9166
1340456696 20.8002
1340456697 20.9166
1340456698 19.9504
1340456699 20.914
1340456700 20.9202
1340456702 19.9538
1340456703 20.9158
1340456704 20.8037
1340456705 20.7958
1340456706 20.7923
1340456707 20.5969
1340456708 20.9166
1340456709 20.9096
1340456710 20.914
1340456711 20.9122
1340456712 20.9158
1340456714 19.9495
1340456715 20.8002
1340456716 19.9453
1340456717 19.9512
1340456718 19.947
1340456719 19.6344
1340456720 20.9069
1340456721 20.9096
1340456722 19.631
1340456723 20.9113
1340456724 20.8002
1340456725 20.802
1340456727 20.9051
1340456728 20.5934
1340456729 20.9237
1340456730 20.9255
1340456731 20.9291
1340456732 20.9317
1340456733 19.969
1340456734 19.9673
1340456735 19.9664
1340456736 20.8073
1340456737 19.9648
1340456739 20.6126
1340456740 20.61
1340456741 19.7537
1340456742 19.6494
1340456743 19.651
1340456744 20.9291
1340456745 19.6469
1340456746 20.8143
1340456747 19.6435
1340456748 19.9529
1340456749 19.9521
1340456751 20.9158
1340456752 20.9246
1340456753 20.9264
1340456754 20.9237
1340456755 20.8126
1340456756 19.9546
1340456757 19.8437
1340456758 19.9538
1340456759 20.8073
1340456760 19.9521
1340456761 19.636
1340456763 20.7984
1340456764 19.9495
1340456765 20.8046
1340456766 20.8046
1340456767 20.7993
1340456768 20.7967
1340456769 20.7949
1340456770 20.9042
1340456771 19.9368
1340456772 20.8989
1340456773 20.8963
1340456775 19.6202
1340456776 20.8909
1340456777 20.8918
1340456778 20.5733
1340456779 20.689
1340456780 20.7004
1340456781 20.5846
1340456782 20.582
1340456783 20.5785
1340456784 19.7202
1340456785 20.8909
1340456786 20.5785
1340456788 20.8954
1340456789 20.8945
1340456790 20.8918
1340456791 20.8883
1340456792 20.582
1340456793 20.8883
1340456794 20.5733
1340456795 19.7152
1340456796 21.001
1340456797 19.6069
1340456798 20.575
1340456800 20.8883
1340456801 20.5785
1340456802 20.5768
1340456803 19.6111
1340456804 20.8936
1340456805 19.6119
1340456806 20.5768
1340456807 20.5742
1340456808 20.6854
1340456809 20.9823
1340456810 20.9867
1340456812 20.561
1340456813 20.674
1340456814 20.6705
1340456815 20.6828
1340456816 19.7077
1340456817 19.7002
1340456818 20.9823
1340456819 19.5977
1340456820 20.993
1340456821 20.9858
1340456822 20.6749
1340456824 19.7002
1340456825 20.6661
1340456826 20.6714
1340456827 20.6688
1340456828 20.6679
1340456829 20.6731
1340456830 20.6679
1340456831 20.6714
1340456832 20.681
1340456833 20.6758
1340456834 20.6749
1340456836 20.8696
1340456837 20.9841
1340456838 20.8696
1340456839 20.9796
1340456840 19.5911
1340456841 20.9823
1340456842 19.7069
1340456843 20.6846
1340456844 20.5873
1340456845 19.7236
1340456846 19.6111
1340456847 19.6152
1340456849 19.6177
1340456850 19.9487
1340456851 19.9453
1340456852 19.9444
1340456853 20.9078
1340456854 19.9504
1340456855 20.914
1340456856 19.6319
1340456857 19.636
1340456858 20.9122
1340456859 19.9444
1340456861 19.6294
1340456862 20.9069
1340456863 20.7949
1340456864 20.914
1340456865 20.9087
1340456866 19.9428
1340456867 19.6252
