1340455613 17.6938
1340455614 17.6946
1340455615 17.6923
1340455616 17.6946
1340455617 17.6916
1340455618 17.6938
1340455620 17.6938
1340455621 17.6946
1340455622 17.6931
1340455623 17.6991
1340455624 17.6991
1340455625 17.7006
1340455626 17.8052
1340455627 17.8021
1340455628 17.8006
1340455629 17.7999
1340455630 17.6916
1340455632 17.8014
1340455633 17.8029
1340455634 17.8014
1340455635 17.7961
1340455636 17.8021
1340455637 17.7983
1340455638 17.8014
1340455639 17.9119
1340455640 17.8089
1340455641 17.6953
1340455642 17.9127
1340455644 17.8089
1340455645 17.8044
1340455646 17.8006
1340455647 17.8067
1340455648 17.7983
1340455649 17.8021
1340455650 17.6848
1340455651 17.6833
1340455652 17.7983
1340455653 17.6863
1340455654 17.8074
1340455656 17.8097
1340455657 17.6983
1340455658 17.6968
1340455659 17.7021
1340455660 17.7013
1340455661 17.6946
1340455662 17.6938
1340455663 17.6916
1340455664 17.6938
1340455665 17.6878
1340455666 17.6848
1340455668 17.7915
1340455669 17.6946
1340455670 17.6923
1340455671 17.6908
1340455672 17.6931
1340455673 17.955
1340455674 17.6938
1340455675 17.8112
1340455676 17.7013
1340455677 17.7028
1340455678 17.7058
1340455679 17.9558
1340455681 17.6825
1340455682 17.6848
1340455683 17.6855
1340455684 17.6878
1340455685 17.6908
1340455686 17.6938
1340455687 17.6848
1340455688 17.952
1340455689 17.6923
1340455690 17.6946
1340455691 17.6908
1340455693 17.9596
1340455694 17.6991
1340455695 17.6968
1340455696 17.6953
1340455697 17.9695
1340455698 17.6991
1340455699 17.9558
1340455700 17.6923
1340455701 17.6916
1340455702 17.6923
1340455703 17.8021
1340455705 17.6908
1340455706 17.8052
1340455707 17.6931
1340455708 17.6885
1340455709 17.69
1340455710 17.6953
1340455711 17.6961
1340455712 17.6953
1340455713 17.6953
1340455714 17.9627
1340455715 17.6998
1340455717 17.7021
1340455718 17.7013
1340455719 17.6998
1340455720 17.9581
1340455721 17.5862
1340455722 17.6938
1340455723 17.6983
1340455724 17.69
1340455725 17.6916
1340455726 17.9459
1340455727 17.6863
1340455728 17.6855
1340455730 17.681
1340455731 17.684
1340455732 17.7968
1340455733 17.6735
1340455734 17.7794
1340455735 17.7779
1340455736 17.7764
1340455737 17.7847
1340455738 17.6788
1340455739 17.681
1340455740 17.6893
1340455742 17.6923
1340455743 17.6878
1340455744 17.7968
1340455745 17.687
1340455746 17.681
1340455747 17.6758
1340455748 17.6735
1340455749 17.784
1340455750 17.675
1340455751 17.669
1340455752 17.6637
1340455754 17.7756
1340455755 17.7658
1340455756 17.7809
1340455757 17.787
1340455758 17.7802
1340455759 17.7847
1340455760 17.7862
1340455761 17.6728
1340455762 17.6697
1340455763 17.7802
1340455764 17.6728
1340455766 17.675
1340455767 17.678
1340455768 17.684
1340455769 17.6825
1340455770 17.7976
1340455771 17.7991
1340455772 17.7976
1340455773 17.8044
1340455774 17.7983
1340455775 17.7938
1340455776 17.7968
1340455778 17.8021
1340455779 17.7991
1340455780 17.7976
1340455781 17.69
1340455782 17.8014
1340455783 17.69
1340455784 17.687
1340455785 17.7991
1340455786 17.8089
1340455787 17.8036
1340455788 17.7991
1340455790 17.8044
1340455791 17.8082
1340455792 17.812
1340455793 17.8067
1340455794 17.6946
1340455795 18.0672
1340455796 17.6855
1340455797 17.6916
1340455798 17.6961
1340455799 17.6946
1340455800 17.6946
1340455801 17.6938
1340455803 17.7028
1340455804 17.7058
1340455805 17.7088
1340455806 17.9718
1340455807 17.7119
1340455808 17.7201
1340455809 17.7179
1340455810 17.9802
1340455811 17.7096
1340455812 17.7119
1340455813 17.9741
1340455815 17.9734
1340455816 17.9718
1340455817 17.7073
1340455818 17.7051
1340455819 17.7021
1340455820 17.6916
1340455821 17.7013
1340455822 17.7036
1340455823 17.7013
1340455824 17.6991
1340455825 17.6953
1340455827 17.6923
1340455828 17.6953
1340455829 17.7096
1340455830 17.7134
1340455831 17.7104
1340455832 17.7111
1340455833 17.7126
1340455834 17.7088
1340455835 17.8142
1340455836 17.8203
1340455837 17.8135
1340455839 17.8104
1340455840 17.6991
1340455841 17.8127
1340455842 17.8067
1340455843 17.8059
1340455844 17.6998
1340455845 17.7036
1340455846 17.818
1340455847 17.7028
1340455848 17.8142
1340455849 17.8165
1340455851 17.7013
1340455852 17.6998
1340455853 17.8173
1340455854 17.7051
1340455855 17.8089
1340455856 17.8074
1340455857 17.8104
1340455858 17.7006
1340455859 17.6931
1340455860 17.6863
1340455861 17.6938
1340455863 17.8067
1340455864 17.8021
1340455865 17.6953
1340455866 17.6946
1340455867 17.6998
1340455868 17.7006
1340455869 17.7036
1340455870 17.7081
1340455871 17.7066
1340455872 17.7096
1340455873 17.7073
1340455875 17.821
1340455876 17.7043
1340455877 17.7088
1340455878 17.7141
1340455879 17.8226
1340455880 17.8165
1340455881 17.8127
1340455882 17.6953
1340455883 17.7983
1340455884 17.6946
1340455885 17.7028
1340455887 17.7043
1340455888 17.968
1340455889 17.7028
1340455890 17.7171
1340455891 17.7141
1340455892 17.8279
1340455893 17.7209
1340455894 17.7171
1340455895 17.7231
1340455896 17.9924
1340455897 17.7201
1340455898 17.9879
1340455900 17.7314
1340455901 17.9955
1340455902 18.0016
1340455903 17.9993
1340455904 17.9963
1340455905 17.9985
1340455906 17.6146
1340455907 17.7224
1340455908 17.9932
1340455909 17.7261
1340455910 17.9848
1340455912 17.9848
1340455913 17.7224
1340455914 17.9902
1340455915 17.7261
1340455916 17.7246
1340455917 17.7284
