1340456246 18.8236
1340456248 19.9684
1340456249 19.9701
1340456250 19.9693
1340456251 19.971
1340456252 19.674
1340456253 19.6807
1340456254 19.6807
1340456255 18.8582
1340456256 19.9701
1340456257 19.9777
1340456258 19.9744
1340456260 19.679
1340456261 19.9837
1340456262 19.6815
1340456263 19.6823
1340456264 19.684
1340456265 19.6857
1340456266 19.6765
1340456267 19.6765
1340456268 18.8574
1340456269 19.7946
1340456270 19.6882
1340456272 19.6873
1340456273 19.9879
1340456274 19.5758
1340456275 19.6882
1340456276 19.6907
1340456277 19.9845
1340456278 19.9854
1340456279 19.6907
1340456280 19.6907
1340456281 19.6882
1340456282 19.6999
1340456284 19.7099
1340456285 19.5974
1340456286 19.7074
1340456287 19.5941
1340456288 19.7049
1340456289 19.9989
1340456290 19.7116
1340456291 19.6024
1340456292 19.6066
1340456293 19.6116
1340456294 19.6074
1340456295 19.6066
1340456297 19.6107
1340456298 19.6174
1340456299 19.6116
1340456300 19.8977
1340456301 19.8951
1340456302 19.8968
1340456303 19.8985
1340456304 19.6024
1340456305 19.6082
1340456306 19.6091
1340456307 19.6041
1340456309 19.6008
1340456310 19.6066
1340456311 19.6024
1340456312 19.6066
1340456313 19.6024
1340456314 19.6041
1340456315 19.6033
1340456316 19.6016
1340456317 19.6033
1340456318 19.6049
1340456319 19.6016
1340456321 19.6049
1340456322 19.6033
1340456323 19.6107
1340456324 19.6132
1340456325 19.6049
1340456326 19.6116
1340456327 19.6066
1340456328 19.6074
1340456329 19.6041
1340456330 19.6091
1340456331 19.6107
1340456333 19.6116
1340456334 19.6091
1340456335 19.6049
1340456336 19.6082
1340456337 19.6066
1340456338 19.6049
1340456339 19.6033
1340456340 19.6008
1340456341 19.6008
1340456342 19.7224
1340456343 19.7224
1340456345 19.7224
1340456346 19.6074
1340456347 19.7191
1340456348 19.7216
1340456349 19.7216
1340456350 19.9002
1340456351 19.6099
1340456352 19.6082
1340456353 19.6082
1340456354 19.6033
1340456355 19.8909
1340456357 19.8892
1340456358 19.896
1340456359 19.7786
1340456360 19.8909
1340456361 19.6033
1340456362 19.9002
1340456363 19.896
1340456364 18.6763
1340456365 19.6033
1340456366 19.6049
1340456367 19.896
1340456369 19.8867
1340456370 19.6008
1340456371 19.6016
1340456372 19.5958
1340456373 18.6747
1340456374 19.8977
1340456375 19.6074
1340456376 18.7777
1340456377 19.885
1340456378 19.5966
1340456379 19.5966
1340456381 19.5983
1340456382 19.7141
1340456383 19.7174
1340456384 19.7124
1340456385 19.8943
1340456386 19.6008
1340456387 19.7141
1340456388 19.6057
1340456389 19.6074
1340456390 19.8977
1340456391 19.8977
1340456392 19.6033
1340456394 19.6082
1340456395 19.6149
1340456396 19.6107
1340456397 19.6124
1340456398 19.6116
1340456399 19.6066
1340456400 19.6124
1340456401 19.6057
1340456402 19.6066
1340456403 19.6057
1340456404 19.6066
1340456406 19.6074
1340456407 19.6041
1340456408 18.7841
1340456409 19.6049
1340456410 19.7174
1340456411 19.5983
1340456412 18.7857
1340456413 19.7199
1340456414 19.6041
1340456415 19.7241
1340456416 19.6124
1340456418 19.614
1340456419 19.6091
1340456420 19.6066
1340456421 18.788
1340456422 19.6082
1340456423 19.7241
1340456424 19.6099
1340456425 19.7232
1340456426 19.6107
1340456427 19.9027
1340456428 19.6107
1340456430 19.9027
1340456431 19.8943
1340456432 19.6074
1340456433 19.5999
1340456434 19.6033
1340456435 18.6723
1340456436 19.7232
1340456437 19.6049
1340456438 19.6082
1340456439 19.6116
1340456440 19.6066
1340456442 19.6066
1340456443 18.788
1340456444 18.7872
1340456445 19.5983
1340456446 19.5983
1340456447 18.7849
1340456448 19.6041
1340456449 19.6041
1340456450 19.6041
1340456451 19.7232
1340456452 19.7182
1340456454 19.7182
1340456455 19.6074
1340456456 19.6057
1340456457 19.7182
1340456458 19.7207
1340456459 19.7157
1340456460 19.7157
1340456461 19.8349
1340456462 18.8966
1340456463 19.6049
1340456464 18.8926
1340456466 19.7149
1340456467 19.8977
1340456468 19.9036
1340456469 19.9027
1340456470 19.9069
1340456471 19.499
1340456472 19.6082
1340456473 19.7249
1340456474 18.796
1340456475 19.6099
1340456476 19.6116
1340456478 19.7224
1340456479 19.7232
1340456480 18.9046
1340456481 19.7199
1340456482 19.7224
1340456483 19.7199
1340456484 19.7224
1340456485 19.6057
1340456486 19.6057
1340456487 19.7157
1340456488 19.7124
1340456489 19.5983
1340456491 19.6016
1340456492 19.6033
1340456493 19.6008
1340456494 19.5983
1340456495 19.6057
1340456496 19.8994
1340456497 19.6066
1340456498 19.6057
1340456499 19.6066
1340456500 19.6074
1340456501 19.6049
1340456503 19.6049
1340456504 19.6033
1340456505 19.6082
1340456506 19.7216
1340456507 19.6116
1340456508 19.6091
1340456509 19.6124
1340456510 19.6066
1340456511 19.6091
1340456512 19.6157
1340456513 19.6116
1340456515 19.6182
1340456516 19.6165
1340456517 19.6116
1340456518 19.6066
1340456519 19.6132
1340456520 19.6057
1340456521 19.6033
1340456522 19.6057
1340456523 19.6099
1340456524 19.7224
1340456525 19.7141
1340456527 19.7199
1340456528 19.7207
1340456529 19.7141
1340456530 19.6016
1340456531 19.7207
1340456532 19.7124
1340456533 19.5941
1340456534 19.7166
1340456535 19.7074
1340456536 19.6008
1340456537 19.6008
1340456539 19.7099
1340456540 19.7107
1340456541 19.7124
1340456542 19.7107
1340456543 19.5983
1340456544 19.7141
1340456545 19.7065
1340456546 19.7065
1340456547 19.7116
1340456548 19.7082
1340456549 19.7099
1340456550 19.7065
