1340454663 14.824
1340454664 14.9406
1340454665 14.714
1340454666 14.7084
1340454667 14.9456
1340454668 14.9476
1340454669 14.9406
1340454671 14.7103
1340454672 15.7159
1340454673 14.709
1340454674 14.709
1340454675 14.709
1340454676 14.7078
1340454677 14.7122
1340454678 15.7079
1340454679 14.7053
1340454680 14.7003
1340454681 14.7103
1340454683 14.8139
1340454684 14.8063
1340454685 14.807
1340454686 14.8089
1340454687 14.8063
1340454688 14.8057
1340454689 14.807
1340454690 14.8114
1340454691 14.7053
1340454692 14.8038
1340454693 14.8007
1340454695 14.8038
1340454696 14.8013
1340454697 14.8
1340454698 14.7988
1340454699 14.8051
1340454700 14.7988
1340454701 14.8032
1340454702 15.7039
1340454703 15.7079
1340454704 15.7053
1340454705 14.8051
1340454707 15.8273
1340454708 14.8107
1340454709 14.8082
1340454710 15.8145
1340454711 15.8199
1340454712 14.8095
1340454713 15.9285
1340454714 15.8185
1340454715 14.8051
1340454716 14.8026
1340454718 14.8026
1340454719 14.9016
1340454720 14.7969
1340454721 14.7893
1340454722 14.7868
1340454723 14.8934
1340454724 14.8896
1340454725 14.8947
1340454726 14.7912
1340454727 14.79
1340454728 14.7963
1340454730 14.6865
1340454731 14.7875
1340454732 14.7919
1340454733 14.7919
1340454734 14.7925
1340454735 14.7982
1340454736 14.7028
1340454737 14.699
1340454738 14.7028
1340454739 14.8095
1340454740 14.7147
1340454742 14.7097
1340454743 14.7122
1340454744 14.7103
1340454745 14.8126
1340454746 14.7065
1340454747 14.7072
1340454748 14.7047
1340454749 14.7009
1340454750 14.6972
1340454751 15.7006
1340454752 14.7015
1340454754 15.6952
1340454755 15.6886
1340454756 14.7843
1340454757 14.8877
1340454758 14.684
1340454759 14.6859
1340454760 14.6947
1340454761 15.8044
1340454762 14.7988
1340454763 14.7938
1340454765 14.6934
1340454766 15.7997
1340454767 15.8011
1340454768 14.684
1340454769 14.7868
1340454770 14.7843
1340454771 14.6834
1340454772 14.6834
1340454773 14.7925
1340454774 14.684
1340454775 14.7856
1340454777 14.7837
1340454778 15.7843
1340454779 14.7774
1340454780 14.7805
1340454781 14.8833
1340454782 15.7883
1340454783 14.6853
1340454784 14.7875
1340454785 14.8871
1340454786 14.8864
1340454787 14.7831
1340454789 14.7843
1340454790 15.7876
1340454791 14.7755
1340454792 14.7799
1340454793 15.7829
1340454794 14.8757
1340454795 14.8782
1340454796 16.0023
1340454797 14.8769
1340454798 14.8788
1340454799 16.0009
1340454801 14.8757
1340454802 14.9828
1340454803 14.8788
1340454804 14.8833
1340454805 14.7755
1340454806 14.7793
1340454807 15.7876
1340454808 15.7896
1340454809 14.768
1340454810 15.7796
1340454812 14.7724
1340454813 15.7802
1340454814 14.7768
1340454815 15.7849
1340454816 15.789
1340454817 14.6797
1340454818 14.7856
1340454819 15.7896
1340454820 14.7793
1340454821 14.6834
1340454822 15.6786
1340454824 14.6747
1340454825 14.6778
1340454826 14.6847
1340454827 14.6834
1340454828 14.6878
1340454829 14.6965
1340454830 14.6959
1340454831 15.7033
1340454832 15.5966
1340454833 15.7093
1340454834 14.9406
1340454836 14.7059
1340454837 15.7113
1340454838 14.7078
1340454839 14.7009
1340454840 14.9105
1340454841 14.709
1340454842 14.7084
1340454843 14.7084
1340454844 14.8126
1340454845 14.8145
1340454847 14.8101
1340454848 14.7047
1340454849 14.7009
1340454850 15.8105
1340454851 14.7994
1340454852 14.8
1340454853 15.9217
1340454854 14.8051
1340454855 14.8019
1340454856 14.7988
1340454857 14.7982
1340454859 14.807
1340454860 14.8032
1340454861 14.7072
1340454862 15.7079
1340454863 14.8101
1340454864 14.7109
1340454865 14.7084
1340454866 14.7059
1340454867 14.7047
1340454868 14.8082
1340454869 14.8044
1340454871 14.8038
1340454872 15.7066
1340454873 14.7053
1340454874 14.7065
1340454875 14.7072
1340454876 15.7106
1340454877 14.7122
1340454878 14.714
1340454879 14.7134
1340454880 15.7126
1340454882 14.709
1340454883 14.714
1340454884 14.7097
1340454885 15.7113
1340454886 14.704
1340454887 14.7078
1340454888 15.8179
1340454889 14.7097
1340454890 15.8179
1340454891 14.8101
1340454892 15.7086
1340454893 14.8114
1340454895 14.7122
1340454896 14.714
1340454897 14.8133
1340454898 14.807
1340454899 14.7003
1340454900 15.8192
1340454901 14.8057
1340454902 14.8007
1340454903 14.7988
1340454904 14.8044
1340454905 14.8107
1340454907 14.7072
1340454908 14.8044
1340454909 14.8114
1340454910 14.812
1340454911 14.8114
1340454912 15.8219
1340454913 15.8266
1340454914 14.8151
1340454915 14.807
1340454916 14.807
1340454917 14.8189
1340454919 14.8189
1340454920 14.7122
1340454921 15.8259
1340454922 14.8164
1340454923 14.812
1340454924 14.7009
1340454925 14.7128
1340454926 14.7103
1340454927 14.7115
1340454928 14.7097
1340454929 14.7253
1340454931 14.7159
1340454932 14.7203
1340454933 14.7172
1340454934 14.7184
1340454935 14.7234
1340454936 14.7222
1340454937 14.7234
1340454938 15.7286
1340454939 14.7203
1340454940 14.719
1340454941 14.7153
1340454942 15.7246
1340454944 14.8151
1340454945 15.7186
1340454946 15.7193
1340454947 15.7159
1340454948 14.7109
1340454949 15.7146
1340454950 14.7097
1340454951 15.8219
1340454952 14.7109
1340454953 15.8266
1340454954 15.8293
1340454956 15.7233
1340454957 14.7165
1340454958 14.7165
1340454959 14.719
1340454960 15.7259
1340454961 14.714
1340454962 14.824
1340454963 14.7222
1340454964 15.7219
1340454965 14.7153
1340454966 14.8177
1340454968 14.7097
