1340459414 20.6506
1340459415 21.6519
1340459416 21.7633
1340459417 21.5533
1340459418 21.5542
1340459419 21.5524
1340459420 21.6648
1340459421 21.6657
1340459422 21.6629
1340459424 21.5533
1340459425 21.9093
1340459426 21.5698
1340459427 21.5707
1340459428 21.5689
1340459429 21.9065
1340459430 21.9074
1340459431 21.9074
1340459432 21.9009
1340459433 21.9037
1340459434 21.7861
1340459436 21.8906
1340459437 21.8916
1340459438 21.557
1340459439 21.9121
1340459440 21.9093
1340459441 21.5588
1340459442 21.5707
1340459443 21.9149
1340459444 21.9158
1340459445 21.9195
1340459446 21.9177
1340459448 21.9167
1340459449 21.9167
1340459450 21.8019
1340459451 21.7926
1340459452 21.441
1340459453 21.6602
1340459454 21.6546
1340459455 21.7586
1340459456 21.7586
1340459457 21.7568
1340459458 21.7485
1340459460 21.7448
1340459461 21.7466
1340459462 21.7485
1340459463 21.6289
1340459464 21.6307
1340459465 21.6344
1340459466 21.6353
1340459467 21.6335
1340459468 21.7401
1340459469 21.7475
1340459471 21.742
1340459472 21.7401
1340459473 21.7429
1340459474 21.7411
1340459475 21.7411
1340459476 21.7401
1340459477 21.7475
1340459478 21.6335
1340459479 21.742
1340459480 21.6344
1340459481 21.742
1340459483 21.7392
1340459484 21.7448
1340459485 21.7494
1340459486 21.7475
1340459487 21.857
1340459488 21.8635
1340459489 21.857
1340459490 21.6408
1340459491 21.6408
1340459492 21.6399
1340459493 21.639
1340459495 21.7512
1340459496 21.639
1340459497 21.8561
1340459498 21.6381
1340459499 21.6436
1340459500 21.8561
1340459501 21.9683
1340459502 21.973
1340459503 21.973
1340459504 21.9711
1340459506 21.9711
1340459507 21.8691
1340459508 21.8719
1340459509 21.9721
1340459510 21.8617
1340459511 21.8598
1340459512 21.7466
1340459513 21.7494
1340459514 21.7411
1340459515 21.8561
1340459516 21.7457
1340459518 21.7466
1340459519 21.7457
1340459520 21.7466
1340459521 21.7411
1340459522 21.7411
1340459523 21.7364
1340459524 21.7392
1340459525 21.7475
1340459526 21.8542
1340459527 21.9655
1340459528 21.7374
1340459530 21.87
1340459531 21.7605
1340459532 21.6583
1340459533 21.7698
1340459534 21.5588
1340459535 21.6804
1340459536 21.685
1340459537 21.9158
1340459538 21.9139
1340459539 21.5698
1340459541 21.5735
1340459542 21.5735
1340459543 21.5726
1340459544 21.5634
1340459545 21.674
1340459546 21.5671
1340459547 21.5689
1340459548 21.5634
1340459549 21.5643
1340459550 21.5698
1340459551 21.5671
1340459553 21.6722
1340459554 21.5616
1340459555 21.6703
1340459556 21.5607
1340459557 21.6768
1340459558 21.5607
1340459559 22.0194
1340459560 21.6749
1340459561 21.5625
1340459562 21.9065
1340459563 21.5671
1340459565 21.5652
1340459566 21.5689
1340459567 21.5671
1340459568 21.5652
1340459569 21.9204
1340459570 21.9223
1340459571 21.5707
1340459572 21.4656
1340459573 21.5707
1340459574 21.5698
1340459576 21.5707
1340459577 21.568
1340459578 21.5689
1340459579 21.9251
1340459580 21.9251
1340459581 21.9232
1340459582 21.8093
1340459583 21.9083
1340459584 21.9149
1340459585 21.9102
1340459586 21.9093
1340459588 21.5689
1340459589 21.568
1340459590 21.5726
1340459591 21.5707
1340459592 21.913
1340459593 21.9149
1340459594 21.9186
1340459595 21.5753
1340459596 21.5735
1340459597 21.5753
1340459598 21.5762
1340459600 21.5717
1340459601 21.5726
1340459602 21.5689
1340459603 21.9195
1340459604 21.5735
1340459605 21.913
1340459606 21.5753
1340459607 21.5817
1340459608 21.6814
1340459609 21.5726
1340459611 21.5762
1340459612 21.5735
1340459613 21.5707
1340459614 21.5707
1340459615 21.5698
1340459616 21.5772
1340459617 21.5735
1340459618 21.5762
1340459619 21.5781
1340459620 21.5726
1340459621 21.579
1340459623 21.5735
1340459624 21.5735
1340459625 21.5671
1340459626 21.5726
1340459627 21.6832
1340459628 21.6832
1340459629 21.5689
1340459630 21.5744
1340459631 21.5643
1340459632 21.5625
1340459633 21.5643
1340459635 21.6795
1340459636 21.685
1340459637 21.6814
1340459638 21.6786
1340459639 21.6786
1340459640 21.6832
1340459641 21.6823
1340459642 21.6786
1340459643 21.6823
1340459644 21.685
1340459646 21.5698
1340459647 21.6731
1340459648 21.6666
1340459649 21.5588
1340459650 21.557
1340459651 21.5588
1340459652 21.6731
1340459653 21.674
1340459654 21.6814
1340459655 21.5689
1340459656 21.5662
1340459658 21.6749
1340459659 21.6749
1340459660 21.6731
1340459661 21.674
1340459662 21.6749
1340459663 21.674
1340459664 21.674
1340459665 21.6749
1340459666 21.6722
1340459667 21.6758
1340459668 21.6758
1340459670 21.6712
1340459671 21.5717
1340459672 21.6804
1340459673 21.5662
1340459674 21.6786
1340459675 21.6768
1340459676 21.5634
1340459677 21.5671
1340459678 21.6722
1340459679 21.6722
1340459680 21.5616
1340459682 21.674
1340459683 21.5607
1340459684 21.557
1340459685 21.5579
1340459686 21.5597
1340459687 21.5634
1340459688 21.5625
1340459689 21.5634
1340459690 21.5597
1340459691 21.5579
1340459692 21.5579
1340459694 21.6694
1340459695 21.5597
1340459696 21.5616
1340459697 21.5607
1340459698 21.5597
1340459699 21.5616
1340459700 21.5597
1340459701 21.5643
1340459702 21.5781
1340459703 21.5918
1340459704 21.5937
1340459706 21.5909
1340459707 21.5817
1340459708 21.6915
1340459709 21.5882
1340459710 21.5845
1340459711 21.5817
1340459712 21.5762
1340459713 21.5854
1340459714 21.5854
1340459715 21.5863
1340459717 21.5863
1340459718 21.5817
